pos = array1d(1..10 ,[5, 7, 9, 6, 3, 1, 10, 8, 2, 4]);
----------
%%  runtime:       0.001 (1.065 ms)
%%  solvetime:     0.000 (0.086 ms)
%%  solutions:     1
%%  variables:     10
%%  propagators:   135
%%  propagations:  135
%%  nodes:         7
%%  failures:      0
%%  restarts:      0
%%  peak depth:    6
pos = array1d(1..20 ,[10, 12, 17, 1, 8, 18, 11, 13, 3, 9, 6, 14, 20, 2, 16, 7, 15, 4, 19, 5]);
----------
%%  runtime:       0.004 (4.759 ms)
%%  solvetime:     0.000 (0.421 ms)
%%  solutions:     1
%%  variables:     20
%%  propagators:   570
%%  propagations:  2340
%%  nodes:         54
%%  failures:      20
%%  restarts:      0
%%  peak depth:    16
pos = array1d(1..30 ,[15, 17, 6, 26, 13, 4, 30, 18, 2, 19, 27, 12, 10, 20, 16, 11, 22, 25, 3, 8, 23, 14, 9, 1, 29, 7, 21, 24, 28, 5]);
----------
%%  runtime:       0.007 (7.869 ms)
%%  solvetime:     0.001 (1.203 ms)
%%  solutions:     1
%%  variables:     30
%%  propagators:   1305
%%  propagations:  9912
%%  nodes:         182
%%  failures:      81
%%  restarts:      0
%%  peak depth:    26
pos = array1d(1..40 ,[20, 22, 29, 38, 18, 13, 4, 23, 1, 5, 2, 17, 15, 31, 3, 24, 26, 28, 19, 16, 37, 34, 27, 35, 12, 8, 25, 21, 6, 14, 10, 7, 32, 40, 36, 39, 11, 9, 33, 30]);
----------
%%  runtime:       0.013 (13.870 ms)
%%  solvetime:     0.001 (1.643 ms)
%%  solutions:     1
%%  variables:     40
%%  propagators:   2340
%%  propagations:  9855
%%  nodes:         116
%%  failures:      44
%%  restarts:      0
%%  peak depth:    33
pos = array1d(1..50 ,[25, 27, 36, 33, 23, 1, 16, 28, 2, 48, 10, 22, 14, 6, 38, 29, 15, 30, 45, 42, 21, 19, 17, 26, 31, 34, 43, 18, 46, 44, 4, 20, 40, 13, 24, 8, 12, 41, 50, 3, 37, 9, 47, 49, 32, 11, 7, 39, 35, 5]);
----------
%%  runtime:       0.020 (20.924 ms)
%%  solvetime:     0.001 (1.227 ms)
%%  solutions:     1
%%  variables:     50
%%  propagators:   3675
%%  propagations:  4453
%%  nodes:         42
%%  failures:      2
%%  restarts:      0
%%  peak depth:    38
pos = array1d(1..60 ,[30, 32, 14, 31, 28, 7, 45, 33, 12, 38, 58, 27, 1, 18, 59, 34, 53, 2, 6, 55, 26, 24, 60, 21, 19, 35, 40, 36, 25, 29, 41, 39, 57, 50, 3, 56, 51, 44, 4, 23, 16, 13, 43, 22, 15, 5, 9, 17, 42, 8, 11, 37, 20, 49, 46, 54, 47, 10, 48, 52]);
----------
%%  runtime:       0.032 (32.498 ms)
%%  solvetime:     0.002 (2.090 ms)
%%  solutions:     1
%%  variables:     60
%%  propagators:   5310
%%  propagations:  6150
%%  nodes:         59
%%  failures:      3
%%  restarts:      0
%%  peak depth:    54
pos = array1d(1..70 ,[35, 37, 29, 44, 33, 23, 26, 38, 25, 46, 2, 32, 68, 1, 27, 39, 69, 7, 61, 63, 31, 6, 67, 48, 64, 40, 65, 41, 47, 55, 42, 30, 28, 34, 36, 11, 3, 15, 20, 14, 19, 22, 45, 51, 13, 52, 10, 17, 21, 49, 43, 56, 50, 57, 60, 18, 53, 66, 4, 24, 70, 5, 16, 54, 12, 59, 8, 62, 9, 58]);
----------
%%  runtime:       0.040 (40.470 ms)
%%  solvetime:     0.003 (3.109 ms)
%%  solutions:     1
%%  variables:     70
%%  propagators:   7245
%%  propagations:  11030
%%  nodes:         89
%%  failures:      14
%%  restarts:      0
%%  peak depth:    62
pos = array1d(1..80 ,[40, 42, 53, 49, 38, 27, 31, 43, 26, 51, 15, 37, 14, 75, 1, 44, 79, 2, 78, 3, 36, 76, 71, 77, 47, 45, 73, 4, 7, 9, 74, 35, 33, 41, 30, 72, 39, 46, 48, 67, 28, 6, 12, 10, 68, 66, 52, 54, 60, 32, 8, 29, 24, 34, 25, 23, 11, 20, 55, 70, 22, 80, 57, 62, 58, 65, 19, 56, 50, 59, 21, 63, 17, 64, 18, 61, 69, 13, 16, 5]);
----------
%%  runtime:       0.054 (54.518 ms)
%%  solvetime:     0.003 (3.884 ms)
%%  solutions:     1
%%  variables:     80
%%  propagators:   9480
%%  propagations:  9480
%%  nodes:         76
%%  failures:      0
%%  restarts:      0
%%  peak depth:    75
pos = array1d(1..90 ,[45, 47, 25, 9, 43, 16, 32, 48, 46, 33, 59, 42, 55, 13, 1, 49, 88, 86, 54, 87, 41, 84, 3, 6, 89, 50, 82, 5, 38, 4, 80, 40, 36, 7, 85, 11, 78, 51, 35, 52, 56, 58, 44, 37, 39, 53, 61, 65, 12, 29, 27, 19, 57, 73, 81, 10, 2, 79, 70, 26, 22, 64, 31, 34, 60, 30, 24, 17, 21, 18, 63, 23, 20, 8, 28, 67, 75, 68, 62, 77, 69, 71, 83, 90, 66, 15, 72, 14, 76, 74]);
----------
%%  runtime:       0.072 (72.880 ms)
%%  solvetime:     0.008 (8.607 ms)
%%  solutions:     1
%%  variables:     90
%%  propagators:   12015
%%  propagations:  43421
%%  nodes:         272
%%  failures:      96
%%  restarts:      0
%%  peak depth:    79
pos = array1d(1..100 ,[50, 52, 63, 78, 48, 39, 61, 53, 65, 62, 18, 47, 19, 79, 42, 54, 3, 5, 41, 1, 46, 97, 100, 4, 96, 55, 95, 98, 6, 9, 7, 45, 92, 8, 49, 11, 90, 56, 85, 57, 89, 38, 36, 12, 44, 40, 59, 43, 58, 51, 66, 68, 16, 74, 60, 75, 35, 86, 70, 94, 87, 83, 13, 34, 37, 30, 71, 22, 67, 93, 29, 15, 26, 14, 64, 33, 69, 27, 31, 24, 32, 21, 28, 72, 82, 76, 25, 88, 91, 81, 73, 77, 2, 20, 23, 99, 80, 10, 17, 84]);
----------
%%  runtime:       0.091 (91.316 ms)
%%  solvetime:     0.009 (9.485 ms)
%%  solutions:     1
%%  variables:     100
%%  propagators:   14850
%%  propagations:  27778
%%  nodes:         202
%%  failures:      60
%%  restarts:      0
%%  peak depth:    85
pos = array1d(1..110 ,[55, 57, 87, 73, 53, 82, 36, 58, 42, 77, 70, 52, 41, 71, 46, 59, 63, 39, 17, 10, 51, 6, 102, 2, 108, 60, 99, 5, 66, 105, 7, 50, 8, 14, 101, 109, 100, 61, 13, 104, 106, 4, 12, 56, 49, 47, 91, 44, 40, 69, 67, 62, 64, 48, 54, 45, 65, 107, 15, 19, 9, 29, 89, 43, 110, 1, 31, 75, 37, 83, 68, 97, 76, 74, 80, 20, 35, 95, 72, 94, 96, 84, 103, 79, 28, 92, 33, 27, 34, 18, 25, 32, 78, 16, 26, 38, 30, 81, 85, 11, 93, 3, 90, 86, 24, 22, 88, 23, 21, 98]);
----------
%%  runtime:       0.111 (111.507 ms)
%%  solvetime:     0.015 (15.344 ms)
%%  solutions:     1
%%  variables:     110
%%  propagators:   17985
%%  propagations:  17985
%%  nodes:         107
%%  failures:      0
%%  restarts:      0
%%  peak depth:    106
pos = array1d(1..120 ,[60, 62, 43, 20, 58, 76, 79, 63, 85, 52, 84, 57, 45, 89, 39, 64, 71, 23, 48, 14, 56, 117, 10, 46, 75, 65, 115, 3, 72, 114, 22, 55, 113, 111, 9, 2, 119, 66, 12, 109, 11, 6, 50, 61, 54, 120, 110, 44, 1, 102, 51, 67, 73, 68, 17, 19, 78, 59, 69, 53, 49, 70, 100, 42, 47, 77, 101, 112, 105, 13, 118, 97, 104, 41, 108, 103, 34, 81, 74, 82, 107, 16, 7, 83, 40, 116, 36, 8, 86, 37, 80, 90, 31, 35, 26, 24, 87, 38, 91, 33, 15, 106, 88, 30, 4, 25, 93, 29, 32, 94, 27, 18, 5, 95, 92, 99, 96, 98, 21, 28]);
----------
%%  runtime:       0.139 (139.524 ms)
%%  solvetime:     0.014 (14.287 ms)
%%  solutions:     1
%%  variables:     120
%%  propagators:   21420
%%  propagations:  23459
%%  nodes:         149
%%  failures:      19
%%  restarts:      0
%%  peak depth:    113
pos = array1d(1..130 ,[65, 67, 16, 21, 63, 36, 33, 68, 78, 51, 54, 62, 75, 80, 76, 69, 84, 40, 106, 108, 61, 120, 109, 47, 52, 70, 8, 125, 129, 14, 7, 60, 3, 12, 64, 5, 119, 71, 118, 121, 2, 9, 6, 4, 59, 11, 124, 116, 1, 88, 114, 72, 87, 73, 79, 81, 48, 50, 53, 58, 56, 74, 66, 57, 55, 49, 46, 42, 100, 85, 107, 18, 110, 113, 39, 19, 45, 22, 111, 122, 130, 44, 83, 102, 17, 82, 20, 10, 93, 89, 15, 43, 95, 25, 77, 37, 26, 32, 86, 97, 38, 91, 41, 105, 90, 92, 112, 35, 115, 117, 99, 128, 123, 34, 31, 96, 126, 27, 127, 30, 28, 94, 29, 23, 98, 103, 24, 13, 104, 101]);
----------
%%  runtime:       0.181 (181.473 ms)
%%  solvetime:     0.018 (18.998 ms)
%%  solutions:     1
%%  variables:     130
%%  propagators:   25155
%%  propagations:  28828
%%  nodes:         170
%%  failures:      26
%%  restarts:      0
%%  peak depth:    123
pos = array1d(1..140 ,[70, 72, 88, 90, 68, 83, 81, 73, 57, 50, 52, 67, 42, 58, 37, 74, 45, 60, 101, 96, 66, 105, 28, 22, 15, 75, 120, 85, 113, 136, 4, 65, 134, 16, 137, 5, 7, 76, 10, 131, 62, 6, 132, 125, 64, 18, 126, 54, 84, 11, 138, 77, 79, 13, 82, 123, 117, 122, 51, 63, 61, 59, 56, 20, 121, 89, 69, 78, 80, 71, 86, 53, 127, 140, 8, 129, 139, 124, 1, 48, 17, 119, 21, 47, 92, 95, 91, 55, 23, 98, 2, 19, 24, 44, 115, 49, 43, 41, 93, 87, 118, 3, 135, 128, 94, 102, 46, 99, 104, 34, 39, 97, 38, 40, 114, 130, 35, 106, 103, 14, 133, 108, 12, 36, 33, 100, 107, 31, 27, 32, 30, 109, 111, 29, 110, 112, 116, 26, 9, 25]);
----------
%%  runtime:       0.204 (204.161 ms)
%%  solvetime:     0.021 (21.497 ms)
%%  solutions:     1
%%  variables:     140
%%  propagators:   29190
%%  propagations:  29190
%%  nodes:         136
%%  failures:      0
%%  restarts:      0
%%  peak depth:    135
pos = array1d(1..150 ,[75, 77, 88, 95, 73, 105, 101, 78, 57, 97, 46, 72, 103, 54, 41, 79, 45, 37, 23, 27, 71, 31, 131, 58, 64, 80, 63, 133, 91, 132, 145, 70, 6, 146, 90, 4, 144, 81, 143, 11, 47, 3, 87, 140, 69, 139, 65, 15, 138, 67, 14, 82, 136, 16, 141, 134, 126, 137, 96, 68, 66, 5, 22, 106, 76, 142, 125, 83, 24, 93, 120, 92, 86, 84, 74, 1, 89, 94, 150, 62, 59, 129, 18, 149, 61, 51, 56, 60, 21, 135, 123, 2, 43, 85, 9, 48, 8, 40, 19, 53, 25, 98, 49, 99, 52, 33, 100, 42, 38, 55, 108, 10, 107, 112, 20, 17, 148, 13, 26, 104, 102, 110, 113, 116, 7, 34, 50, 130, 109, 39, 44, 35, 118, 121, 124, 111, 36, 30, 122, 117, 115, 128, 28, 12, 29, 32, 147, 127, 119, 114]);
----------
%%  runtime:       0.240 (240.220 ms)
%%  solvetime:     0.026 (26.336 ms)
%%  solutions:     1
%%  variables:     150
%%  propagators:   33525
%%  propagations:  33645
%%  nodes:         156
%%  failures:      4
%%  restarts:      0
%%  peak depth:    148
pos = array1d(1..160 ,[80, 82, 54, 60, 78, 46, 61, 83, 62, 56, 52, 77, 63, 92, 99, 84, 104, 95, 111, 103, 76, 133, 65, 11, 91, 85, 124, 150, 17, 158, 155, 75, 156, 7, 4, 69, 153, 86, 101, 154, 8, 149, 5, 3, 74, 147, 145, 152, 10, 1, 146, 87, 142, 157, 23, 108, 79, 96, 14, 73, 151, 55, 97, 138, 2, 159, 71, 88, 26, 89, 94, 136, 90, 30, 21, 67, 72, 70, 68, 81, 64, 98, 58, 19, 13, 6, 50, 113, 20, 9, 148, 39, 35, 59, 34, 48, 38, 36, 53, 66, 45, 107, 93, 102, 105, 109, 143, 114, 117, 106, 15, 119, 160, 128, 112, 118, 116, 139, 130, 132, 115, 40, 100, 18, 135, 144, 57, 137, 41, 44, 42, 49, 43, 110, 37, 51, 32, 47, 29, 27, 16, 33, 121, 123, 126, 12, 24, 31, 28, 122, 131, 134, 127, 125, 140, 120, 141, 25, 129, 22]);
----------
%%  runtime:       0.242 (242.084 ms)
%%  solvetime:     0.028 (28.877 ms)
%%  solutions:     1
%%  variables:     160
%%  propagators:   38160
%%  propagations:  38160
%%  nodes:         157
%%  failures:      0
%%  restarts:      0
%%  peak depth:    156
pos = array1d(1..170 ,[85, 87, 49, 103, 83, 25, 44, 88, 54, 65, 114, 82, 69, 64, 106, 89, 56, 61, 100, 108, 81, 135, 150, 71, 97, 90, 14, 72, 7, 164, 169, 80, 98, 167, 8, 107, 3, 91, 168, 165, 4, 11, 161, 6, 79, 162, 159, 9, 166, 15, 158, 92, 13, 2, 63, 157, 10, 12, 68, 78, 155, 160, 74, 154, 22, 76, 1, 93, 111, 94, 139, 121, 152, 95, 104, 60, 77, 105, 110, 102, 96, 73, 145, 86, 75, 99, 125, 84, 148, 66, 62, 48, 42, 117, 153, 24, 52, 50, 67, 151, 16, 143, 30, 26, 45, 70, 170, 33, 115, 36, 57, 59, 101, 53, 112, 144, 109, 47, 39, 55, 119, 116, 40, 123, 141, 130, 18, 31, 124, 17, 20, 149, 140, 127, 147, 113, 138, 120, 118, 58, 122, 128, 146, 43, 51, 38, 132, 137, 163, 133, 156, 126, 46, 134, 37, 41, 34, 28, 19, 21, 131, 129, 27, 136, 23, 29, 142, 35, 5, 32]);
----------
%%  runtime:       0.264 (264.746 ms)
%%  solvetime:     0.035 (35.260 ms)
%%  solutions:     1
%%  variables:     170
%%  propagators:   43095
%%  propagations:  43192
%%  nodes:         167
%%  failures:      1
%%  restarts:      0
%%  peak depth:    165
pos = array1d(1..180 ,[90, 92, 106, 120, 88, 121, 24, 93, 148, 60, 47, 87, 112, 69, 52, 94, 61, 58, 66, 51, 86, 70, 49, 129, 79, 95, 125, 162, 71, 68, 77, 85, 160, 5, 9, 103, 147, 96, 7, 177, 109, 12, 10, 156, 84, 102, 173, 11, 13, 168, 113, 97, 170, 165, 20, 175, 17, 167, 14, 83, 81, 15, 19, 73, 169, 166, 21, 98, 28, 158, 75, 149, 157, 153, 100, 8, 82, 80, 108, 174, 152, 164, 111, 176, 180, 99, 101, 91, 89, 78, 107, 110, 3, 105, 114, 26, 118, 141, 72, 23, 4, 74, 30, 178, 67, 116, 31, 172, 22, 2, 54, 62, 146, 155, 76, 64, 53, 18, 63, 104, 42, 55, 115, 65, 16, 57, 159, 143, 44, 39, 25, 123, 119, 6, 122, 50, 59, 128, 124, 133, 117, 137, 38, 1, 179, 135, 45, 127, 46, 144, 134, 150, 131, 56, 151, 163, 154, 138, 140, 161, 136, 139, 145, 48, 41, 132, 37, 43, 126, 35, 32, 171, 142, 27, 33, 40, 36, 29, 130, 34]);
----------
%%  runtime:       0.312 (312.976 ms)
%%  solvetime:     0.047 (47.697 ms)
%%  solutions:     1
%%  variables:     180
%%  propagators:   48330
%%  propagations:  49202
%%  nodes:         188
%%  failures:      7
%%  restarts:      0
%%  peak depth:    175
pos = array1d(1..190 ,[95, 97, 75, 31, 93, 115, 41, 98, 65, 121, 112, 92, 51, 129, 134, 99, 110, 82, 125, 63, 91, 64, 54, 167, 84, 100, 159, 57, 34, 164, 79, 90, 74, 23, 68, 59, 158, 101, 13, 3, 17, 155, 184, 5, 89, 185, 7, 72, 53, 183, 127, 102, 119, 11, 107, 179, 117, 4, 1, 88, 188, 108, 83, 190, 114, 180, 2, 103, 6, 173, 187, 189, 35, 174, 137, 131, 87, 85, 96, 12, 8, 160, 22, 182, 132, 104, 186, 9, 80, 78, 86, 128, 105, 94, 106, 109, 62, 113, 172, 168, 178, 181, 157, 118, 77, 122, 76, 177, 166, 171, 176, 38, 67, 70, 81, 71, 18, 116, 120, 73, 21, 36, 66, 37, 20, 111, 10, 45, 52, 26, 24, 60, 32, 42, 154, 16, 48, 124, 147, 123, 133, 136, 139, 170, 151, 130, 169, 58, 146, 175, 15, 142, 156, 163, 135, 149, 144, 126, 141, 69, 138, 140, 165, 40, 56, 145, 49, 47, 61, 43, 55, 143, 50, 44, 28, 33, 150, 30, 46, 161, 19, 152, 27, 148, 39, 153, 162, 14, 25, 29]);
----------
%%  runtime:       0.416 (416.315 ms)
%%  solvetime:     0.121 (121.380 ms)
%%  solutions:     1
%%  variables:     190
%%  propagators:   53865
%%  propagations:  505154
%%  nodes:         15985
%%  failures:      7900
%%  restarts:      0
%%  peak depth:    194
pos = array1d(1..200 ,[100, 102, 112, 58, 98, 38, 46, 103, 69, 63, 76, 97, 123, 80, 77, 104, 118, 53, 65, 126, 96, 125, 84, 128, 117, 105, 148, 115, 172, 162, 82, 95, 182, 42, 13, 88, 79, 106, 164, 15, 85, 171, 196, 14, 94, 168, 194, 192, 17, 9, 16, 107, 190, 11, 189, 8, 193, 184, 187, 93, 188, 12, 99, 19, 183, 179, 5, 108, 20, 18, 6, 180, 26, 191, 113, 4, 92, 87, 120, 136, 129, 165, 114, 195, 122, 109, 121, 110, 116, 78, 67, 161, 73, 83, 72, 91, 89, 111, 101, 90, 119, 81, 86, 1, 24, 127, 7, 167, 199, 71, 27, 68, 158, 36, 173, 2, 197, 185, 200, 3, 75, 169, 133, 61, 175, 25, 198, 33, 130, 159, 62, 74, 124, 70, 131, 37, 54, 56, 43, 140, 145, 139, 141, 138, 66, 28, 32, 176, 23, 21, 154, 60, 10, 48, 137, 142, 144, 132, 143, 153, 146, 57, 134, 163, 170, 64, 178, 174, 181, 177, 152, 186, 51, 147, 135, 52, 50, 59, 151, 55, 150, 40, 149, 39, 47, 45, 31, 41, 49, 35, 30, 44, 155, 157, 22, 160, 29, 156, 166, 34]);
----------
%%  runtime:       0.415 (415.341 ms)
%%  solvetime:     0.061 (61.761 ms)
%%  solutions:     1
%%  variables:     200
%%  propagators:   59700
%%  propagations:  60749
%%  nodes:         208
%%  failures:      8
%%  restarts:      0
%%  peak depth:    194
