pos = array1d(1..10 ,[1, 3, 6, 9, 7, 10, 4, 2, 5, 8]);
----------
%%  runtime:       0.001 (1.438 ms)
%%  solvetime:     0.000 (0.172 ms)
%%  solutions:     1
%%  variables:     10
%%  propagators:   135
%%  propagations:  540
%%  nodes:         25
%%  failures:      9
%%  restarts:      0
%%  peak depth:    6
pos = array1d(1..20 ,[1, 3, 5, 14, 17, 4, 16, 7, 12, 18, 15, 19, 6, 10, 20, 11, 8, 2, 13, 9]);
----------
%%  runtime:       0.003 (3.698 ms)
%%  solvetime:     0.000 (0.496 ms)
%%  solutions:     1
%%  variables:     20
%%  propagators:   570
%%  propagations:  3746
%%  nodes:         77
%%  failures:      33
%%  restarts:      0
%%  peak depth:    17
pos = array1d(1..30 ,[1, 3, 5, 24, 26, 4, 23, 7, 28, 16, 18, 15, 6, 22, 20, 27, 8, 30, 2, 29, 25, 12, 9, 21, 19, 14, 11, 13, 10, 17]);
----------
%%  runtime:       0.009 (9.754 ms)
%%  solvetime:     0.000 (0.656 ms)
%%  solutions:     1
%%  variables:     30
%%  propagators:   1305
%%  propagations:  4200
%%  nodes:         81
%%  failures:      29
%%  restarts:      0
%%  peak depth:    25
pos = array1d(1..40 ,[1, 3, 5, 26, 33, 4, 28, 7, 34, 29, 17, 24, 6, 30, 39, 25, 8, 35, 23, 27, 31, 12, 9, 38, 40, 37, 21, 36, 32, 10, 15, 13, 18, 22, 2, 14, 20, 11, 16, 19]);
----------
%%  runtime:       0.015 (15.626 ms)
%%  solvetime:     0.001 (1.114 ms)
%%  solutions:     1
%%  variables:     40
%%  propagators:   2340
%%  propagations:  5462
%%  nodes:         70
%%  failures:      19
%%  restarts:      0
%%  peak depth:    32
pos = array1d(1..50 ,[1, 3, 5, 22, 41, 4, 34, 7, 33, 42, 49, 46, 6, 31, 36, 28, 8, 29, 35, 30, 27, 14, 9, 37, 32, 13, 47, 50, 24, 10, 45, 40, 48, 39, 44, 2, 19, 11, 43, 15, 25, 38, 20, 23, 26, 16, 12, 17, 21, 18]);
----------
%%  runtime:       0.030 (30.450 ms)
%%  solvetime:     0.007 (7.364 ms)
%%  solutions:     1
%%  variables:     50
%%  propagators:   3675
%%  propagations:  64558
%%  nodes:         1066
%%  failures:      512
%%  restarts:      0
%%  peak depth:    47
pos = array1d(1..60 ,[1, 3, 5, 35, 38, 4, 47, 7, 21, 46, 33, 50, 6, 44, 57, 53, 8, 39, 34, 28, 31, 41, 9, 40, 36, 29, 23, 32, 58, 10, 16, 56, 59, 51, 48, 54, 14, 11, 45, 60, 55, 49, 52, 2, 37, 22, 12, 18, 30, 17, 25, 42, 24, 26, 19, 15, 13, 20, 27, 43]);
----------
%%  runtime:       0.044 (44.704 ms)
%%  solvetime:     0.009 (9.879 ms)
%%  solutions:     1
%%  variables:     60
%%  propagators:   5310
%%  propagations:  52334
%%  nodes:         863
%%  failures:      406
%%  restarts:      0
%%  peak depth:    56
pos = array1d(1..70 ,[1, 3, 5, 23, 39, 4, 31, 7, 44, 53, 43, 50, 6, 58, 28, 42, 8, 47, 56, 59, 29, 38, 9, 33, 46, 30, 34, 55, 26, 10, 45, 37, 51, 64, 60, 32, 15, 11, 70, 63, 69, 57, 54, 61, 67, 21, 12, 68, 52, 16, 40, 62, 65, 36, 22, 18, 13, 27, 19, 66, 35, 2, 48, 17, 41, 20, 25, 14, 24, 49]);
----------
%%  runtime:       0.084 (84.039 ms)
%%  solvetime:     0.007 (7.987 ms)
%%  solutions:     1
%%  variables:     70
%%  propagators:   7245
%%  propagations:  7483
%%  nodes:         63
%%  failures:      1
%%  restarts:      0
%%  peak depth:    61
pos = array1d(1..80 ,[1, 3, 5, 44, 42, 4, 50, 7, 68, 57, 76, 61, 6, 39, 30, 40, 8, 54, 36, 41, 48, 38, 9, 59, 55, 45, 37, 35, 49, 10, 27, 43, 65, 56, 53, 67, 15, 11, 26, 69, 75, 80, 25, 52, 73, 79, 12, 62, 72, 16, 46, 78, 58, 66, 29, 18, 13, 71, 34, 64, 51, 32, 60, 17, 74, 23, 70, 14, 63, 22, 77, 19, 33, 2, 20, 24, 31, 21, 28, 47]);
----------
%%  runtime:       0.061 (61.839 ms)
%%  solvetime:     0.004 (4.183 ms)
%%  solutions:     1
%%  variables:     80
%%  propagators:   9480
%%  propagations:  13158
%%  nodes:         111
%%  failures:      21
%%  restarts:      0
%%  peak depth:    73
pos = array1d(1..90 ,[1, 3, 5, 50, 42, 4, 49, 7, 59, 48, 46, 63, 6, 55, 47, 64, 8, 70, 58, 67, 43, 77, 9, 73, 40, 57, 34, 38, 52, 10, 45, 41, 60, 62, 56, 54, 16, 11, 33, 27, 44, 71, 51, 78, 88, 17, 12, 31, 85, 90, 68, 76, 72, 87, 75, 18, 13, 84, 89, 24, 86, 74, 35, 53, 61, 79, 19, 14, 66, 81, 29, 20, 65, 80, 28, 39, 82, 23, 83, 15, 69, 36, 25, 21, 26, 30, 2, 22, 32, 37]);
----------
%%  runtime:       0.075 (75.415 ms)
%%  solvetime:     0.011 (11.475 ms)
%%  solutions:     1
%%  variables:     90
%%  propagators:   12015
%%  propagations:  70891
%%  nodes:         758
%%  failures:      341
%%  restarts:      0
%%  peak depth:    84
pos = array1d(1..100 ,[1, 3, 5, 57, 59, 4, 64, 7, 58, 71, 81, 60, 6, 91, 82, 90, 8, 83, 77, 65, 73, 26, 9, 45, 37, 63, 66, 62, 44, 10, 48, 54, 43, 69, 42, 47, 18, 11, 72, 68, 50, 56, 61, 36, 33, 17, 12, 51, 100, 93, 97, 88, 35, 84, 78, 19, 13, 99, 67, 76, 92, 75, 87, 96, 94, 85, 20, 14, 95, 32, 98, 55, 40, 80, 49, 52, 46, 53, 21, 15, 41, 2, 27, 34, 22, 70, 74, 29, 25, 30, 38, 86, 16, 79, 24, 39, 28, 23, 31, 89]);
----------
%%  runtime:       0.150 (150.475 ms)
%%  solvetime:     0.013 (13.188 ms)
%%  solutions:     1
%%  variables:     100
%%  propagators:   14850
%%  propagations:  16829
%%  nodes:         138
%%  failures:      22
%%  restarts:      0
%%  peak depth:    95
pos = array1d(1..110 ,[1, 3, 5, 54, 57, 4, 56, 7, 68, 75, 82, 80, 6, 60, 46, 55, 8, 66, 61, 74, 78, 59, 9, 48, 43, 52, 42, 62, 50, 10, 71, 79, 84, 64, 73, 77, 51, 11, 34, 65, 99, 49, 40, 32, 41, 18, 12, 81, 92, 106, 67, 105, 63, 109, 87, 19, 13, 45, 30, 83, 53, 89, 108, 72, 101, 110, 20, 14, 58, 31, 90, 107, 86, 103, 97, 104, 88, 95, 21, 15, 93, 102, 38, 44, 22, 69, 91, 70, 98, 33, 94, 23, 16, 100, 2, 29, 37, 24, 76, 47, 85, 96, 35, 28, 25, 27, 17, 36, 26, 39]);
----------
%%  runtime:       3:35.005 (215005.137 ms)
%%  solvetime:     3:34.902 (214902.089 ms)
%%  solutions:     1
%%  variables:     110
%%  propagators:   17985
%%  propagations:  1943949437
%%  nodes:         19359185
%%  failures:      9679544
%%  restarts:      0
%%  peak depth:    113
pos = array1d(1..120 ,[1, 3, 5, 59, 63, 4, 55, 7, 68, 56, 58, 69, 6, 75, 106, 102, 8, 84, 57, 53, 44, 74, 9, 64, 78, 48, 70, 62, 79, 10, 47, 60, 72, 51, 45, 65, 42, 11, 54, 43, 71, 107, 67, 112, 115, 18, 12, 66, 37, 92, 40, 114, 73, 98, 49, 19, 13, 77, 85, 39, 82, 111, 95, 118, 33, 61, 20, 14, 120, 83, 96, 99, 110, 119, 116, 87, 113, 109, 21, 15, 50, 117, 97, 90, 22, 52, 91, 35, 76, 38, 103, 23, 16, 101, 80, 104, 89, 24, 108, 81, 46, 86, 93, 100, 25, 30, 17, 105, 28, 88, 94, 29, 26, 32, 36, 41, 2, 27, 31, 34]);
----------
%%  runtime:       2:48.299 (168299.361 ms)
%%  solvetime:     2:48.184 (168184.973 ms)
%%  solutions:     1
%%  variables:     120
%%  propagators:   21420
%%  propagations:  1377689170
%%  nodes:         11779767
%%  failures:      5889835
%%  restarts:      0
%%  peak depth:    120
pos = array1d(1..150 ,[1, 3, 5, 88, 74, 4, 84, 7, 94, 100, 89, 95, 6, 105, 91, 97, 8, 113, 107, 121, 117, 92, 9, 122, 98, 52, 85, 87, 108, 10, 118, 96, 56, 86, 50, 47, 130, 11, 125, 57, 81, 103, 115, 83, 120, 109, 12, 82, 41, 106, 70, 102, 90, 116, 80, 20, 13, 76, 42, 39, 55, 49, 69, 53, 40, 78, 21, 14, 99, 111, 124, 101, 45, 128, 135, 112, 48, 75, 114, 15, 119, 148, 46, 127, 150, 22, 132, 134, 137, 147, 142, 139, 16, 149, 123, 145, 141, 129, 126, 2, 35, 144, 93, 43, 37, 110, 17, 58, 104, 29, 131, 60, 146, 72, 136, 61, 133, 140, 143, 79, 54, 18, 27, 73, 66, 26, 24, 31, 34, 59, 138, 62, 71, 28, 63, 25, 68, 19, 30, 77, 65, 67, 64, 32, 38, 44, 33, 23, 36, 51]);
----------
%%  runtime:       6.920 (6920.364 ms)
%%  solvetime:     6.727 (6727.966 ms)
%%  solutions:     1
%%  variables:     150
%%  propagators:   33525
%%  propagations:  57408221
%%  nodes:         638715
%%  failures:      319289
%%  restarts:      0
%%  peak depth:    149
pos = array1d(1..160 ,[1, 3, 5, 65, 68, 4, 74, 7, 85, 91, 95, 99, 6, 103, 100, 64, 8, 89, 60, 66, 72, 62, 9, 73, 87, 112, 81, 61, 97, 10, 56, 58, 67, 122, 88, 55, 59, 11, 63, 82, 57, 79, 71, 119, 90, 125, 12, 83, 145, 42, 155, 75, 158, 124, 111, 22, 13, 135, 86, 45, 76, 159, 41, 154, 48, 96, 21, 14, 98, 49, 144, 77, 43, 51, 153, 84, 127, 130, 123, 15, 39, 142, 157, 150, 54, 24, 105, 101, 109, 133, 78, 80, 16, 141, 160, 151, 129, 156, 106, 136, 113, 34, 134, 47, 102, 23, 17, 26, 147, 70, 120, 69, 152, 50, 104, 137, 128, 132, 94, 53, 138, 18, 31, 46, 92, 107, 25, 110, 93, 114, 121, 27, 44, 108, 131, 140, 28, 19, 149, 146, 2, 118, 33, 139, 148, 117, 35, 116, 143, 29, 37, 115, 38, 126, 20, 40, 30, 32, 36, 52]);
----------
%%  runtime:       0.239 (239.770 ms)
%%  solvetime:     0.030 (30.100 ms)
%%  solutions:     1
%%  variables:     160
%%  propagators:   38160
%%  propagations:  39768
%%  nodes:         165
%%  failures:      8
%%  restarts:      0
%%  peak depth:    151
pos = array1d(1..170 ,[1, 3, 5, 111, 109, 4, 105, 7, 114, 112, 110, 115, 6, 104, 116, 129, 8, 145, 147, 150, 135, 142, 9, 143, 121, 67, 122, 72, 75, 10, 107, 70, 99, 65, 106, 69, 117, 11, 108, 113, 66, 74, 63, 59, 92, 51, 12, 82, 62, 58, 77, 73, 83, 94, 100, 22, 13, 55, 101, 34, 89, 57, 80, 119, 61, 95, 21, 14, 93, 88, 136, 130, 44, 46, 64, 98, 165, 169, 161, 15, 167, 139, 160, 168, 159, 24, 154, 149, 170, 43, 53, 162, 16, 144, 40, 155, 134, 141, 151, 156, 152, 164, 166, 158, 153, 23, 17, 26, 33, 163, 71, 76, 96, 91, 78, 35, 128, 79, 138, 60, 102, 18, 90, 68, 103, 120, 25, 87, 132, 137, 118, 27, 84, 126, 85, 41, 28, 19, 97, 124, 50, 146, 86, 45, 81, 52, 123, 56, 131, 29, 157, 140, 42, 133, 20, 125, 30, 148, 127, 36, 38, 54, 31, 47, 49, 37, 2, 32, 39, 48]);
----------
%%  runtime:       0.285 (285.465 ms)
%%  solvetime:     0.038 (38.083 ms)
%%  solutions:     1
%%  variables:     170
%%  propagators:   43095
%%  propagations:  54718
%%  nodes:         330
%%  failures:      85
%%  restarts:      0
%%  peak depth:    165
pos = array1d(1..200 ,[1, 3, 5, 93, 103, 4, 113, 7, 112, 106, 82, 75, 6, 67, 69, 78, 8, 100, 109, 76, 96, 115, 9, 66, 86, 73, 79, 97, 63, 10, 74, 80, 120, 64, 101, 114, 77, 11, 62, 107, 98, 71, 108, 154, 81, 87, 12, 145, 148, 118, 153, 185, 125, 92, 104, 51, 13, 83, 72, 43, 94, 99, 175, 172, 166, 117, 24, 14, 95, 174, 171, 188, 49, 70, 44, 47, 151, 189, 167, 15, 68, 173, 138, 157, 180, 48, 179, 147, 169, 40, 65, 110, 16, 122, 59, 177, 102, 183, 53, 42, 105, 123, 88, 128, 182, 116, 17, 178, 124, 186, 197, 191, 2, 198, 85, 176, 181, 52, 158, 127, 61, 18, 126, 91, 37, 184, 90, 134, 111, 39, 119, 121, 130, 89, 129, 144, 156, 19, 155, 190, 60, 162, 84, 23, 137, 26, 58, 55, 195, 27, 168, 163, 54, 199, 20, 165, 132, 170, 131, 28, 196, 193, 50, 25, 187, 143, 194, 200, 41, 136, 38, 150, 21, 164, 159, 135, 31, 192, 160, 32, 30, 161, 141, 152, 35, 146, 139, 149, 142, 133, 33, 22, 140, 45, 34, 56, 29, 36, 46, 57]);
----------
%%  runtime:       3.247 (3247.169 ms)
%%  solvetime:     2.927 (2927.213 ms)
%%  solutions:     1
%%  variables:     200
%%  propagators:   59700
%%  propagations:  24109082
%%  nodes:         293852
%%  failures:      146838
%%  restarts:      0
%%  peak depth:    195
